531
656
715
832
930
1020
1486
1638
1793
2111
2389
2498
2512
2585
3046
3571
3737
4182
4348
5277
5437
5439
5447
5822
5881
6037
6268
6675
6976
6999
7387
7602
7781
7837
8182
8372
8476
8715
9084
9168
9211
9254
9281
9304
9393
9541
9600
9783
9785
9802
153
407
531
581
646
768
1152
1201
1295
1435
1481
1568
2028
2119
2216
2361
2383
2553
2893
3202
3376
3544
3668
3761
3949
3954
5385
5906
6068
6232
6269
6335
6415
6764
7094
7365
7505
7811
7906
7945
8108
8336
8441
8670
8955
9257
9477
9609
9658
9897
53
389
587
646
795
875
1220
1225
1232
2002
2071
2364
2371
2640
2822
2975
3108
3169
3617
3718
3899
4124
4142
4482
4836
5017
5073
5190
5262
5682
6082
6182
6214
6470
6913
6965
6974
7075
7234
7894
8252
8333
8518
8610
8937
9042
9073
9453
9791
9990
24
633
728
1055
1656
2212
2277
2322
2588
2641
2732
2824
2835
3266
3322
3706
3721
3909
4072
4243
4270
5343
5541
5544
5557
5734
6063
6333
6537
6611
6885
6931
6982
6990
7296
7366
7650
7923
8074
8149
8260
8504
8620
8911
8915
9018
9341
9470
9481
9560
107
288
793
1200
1374
1638
1664
1667
1787
2032
2203
2300
2698
2804
2893
3227
3332
3931
4028
4154
4346
4700
4807
5152
5415
5553
5870
6032
6064
6105
6151
6226
6435
6683
6990
7148
7489
7511
7690
7697
7883
8507
8541
8742
8761
8783
9128
9320
9484
9968
251
484
859
925
1204
1852
2031
2110
2126
2491
2548
2916
3314
3551
3626
3629
3712
3895
3974
4045
4067
4266
4335
4479
4547
4783
5137
5383
5427
5894
6027
6094
6276
6724
6780
6818
6938
7251
7405
7651
7793
8110
8848
9228
9287
9338
9430
9530
9650
9924
157
522
700
771
952
1058
1857
2005
2051
2093
2177
2405
2479
2532
2686
2944
3057
3506
3571
4453
4510
4571
4692
4979
5498
5819
6154
6351
6357
6522
6745
6916
7146
7181
7344
7355
7672
7674
7703
7754
8156
8458
8591
8594
8605
8629
8855
9101
9311
9365
127
202
379
737
789
922
1283
1384
1671
1702
1978
2034
2099
2225
2503
2761
2803
2881
3095
3202
3357
3432
3570
3615
3832
4274
4764
4984
5028
5301
5495
5567
5599
5634
5654
5796
6021
7076
7737
7824
8144
8476
8760
8922
9254
9263
9505
9592
9652
9786
60
350
460
474
674
700
955
1091
1112
1223
1362
1559
1579
1771
1957
1988
2031
2419
2732
3564
3629
3630
3996
4006
4424
4620
4894
4959
5415
5794
6010
6222
6274
6691
7045
7144
7465
7471
7540
7737
7918
8023
8031
8653
8659
8788
9016
9089
9546
9764
106
306
345
409
478
504
966
1403
1509
2009
2075
2221
2532
2693
3440
3610
3764
3939
4035
4282
4468
4509
4923
5029
5062
5132
5793
5848
6269
6463
6678
7242
7510
7625
7694
7809
8000
8421
8434
8720
8794
9047
9066
9453
9520
9535
9611
9688
9764
9778
